s1
0.3	0.367050928
0.3	0.367050928
0.3	0.367050928
0.3	0.367050928
0.3	0.367050928
0.3	0.367050928
0.3	0.367050928
0.3	0.367050928
0.3	0.367050928
0.3	0.367050928
0.3	0.367050928
0.3	0.367050928
0.3	0.367050928
0.3	0.367050928
0.3	0.367050928
0.3	0.367050928
0.3	0.367050928
0.3	0.367050928
0.3	0.367050928
0.3	0.367050928
0.3	0.367050928
0.3	0.367050928
0.3	0.367050928
0.3	0.367050928
0.3	0.367050928
0.3	0.367050928
0.3	0.367050928
0.3	0.367050928
0.3	0.367050928
0.3	0.367050928
0.3	0.367050928
0.3	0.367050928
0.3	0.367050928
0.3	0.367050928
0.3	0.367050928
0.3	0.367050928
0.3	0.367050928
0.3	0.424550755
0.3	0.424550755
0.3	0.424550755
0.3	0.424550755
0.3	0.424550755
0.3	0.424550755
0.3	0.424550755
0.3	0.424550755
0.3	0.424550755
0.3	0.424550755
0.3	0.424550755
0.3	0.424550755
0.3	0.424550755
0.3	0.424550755
0.3	0.424550755
0.3	0.424550755
0.3	0.424550755
0.3	0.424550755
0.3	0.424550755
0.3	0.424550755
0.3	0.424550755
0.3	0.424550755
0.3	0.424550755
0.3	0.424550755
0.3	0.424550755
0.3	0.424550755
0.3	0.424550755
0.3	0.424550755
0.3	0.424550755
0.3	0.424550755
0.3	0.424550755
0.3	0.424550755
0.3	0.424550755
0.3	0.424550755
0.3	0.424550755
0.3	0.424550755
0.3	0.424550755
0.4	0.424550755
0.4	0.424550755
0.4	0.424550755
0.4	0.424550755
0.4	0.424550755
0.4	0.424550755
0.4	0.424550755
0.4	0.424550755
0.4	0.424550755
0.4	0.424550755
0.4	0.424550755
0.4	0.424550755
0.4	0.424550755
0.4	0.477942592
0.4	0.477942592
0.4	0.477942592
0.4	0.477942592
0.4	0.477942592
0.4	0.477942592
0.4	0.477942592
0.4	0.477942592
0.4	0.477942592
0.4	0.477942592
0.4	0.477942592
0.4	0.477942592
0.4	0.477942592
0.4	0.537259431
0.4	0.547280682
0.4	0.547280682
0.4	0.610828906
0.4	0.610828906
0.4	0.610828906
0.4	0.610828906
0.4	0.610828906
0.4	0.610828906
0.4	0.610828906
0.4	0.610828906
0.4	0.610828906
0.4	0.610828906
0.4	0.610828906
0.4	0.610828906
0.4	0.610828906
0.4	0.610828906
0.4	0.610828906
0.4	0.610828906
0.4	0.610828906
0.4	0.610828906
0.4	0.610828906
0.4	0.610828906
0.4	0.610828906
0.4	0.610828906
0.4	0.610828906
0.4	0.610828906
0.4	0.610828906
0.4	0.610828906
0.4	0.610828906
0.4	0.610828906
0.4	0.610828906
0.4	0.610828906
0.4	0.610828906
0.4	0.610828906
0.4	0.610828906
0.4	0.610828906
0.4	0.610828906
0.4	0.610828906
0.4	0.610828906
0.4	0.610828906
0.4	0.610828906
0.4	0.610828906
0.4	0.610828906
0.4	0.610828906
0.4	0.610828906
0.4	0.610828906
0.4	0.610828906
0.4	0.610828906
0.4	0.610828906
0.4	0.610828906
0.4	0.610828906
0.4	0.610828906
0.4	0.610828906
0.4	0.610828906
0.4	0.610828906
0.4	0.610828906
0.4	0.610828906
0.4	0.610828906
0.4	0.610828906
0.4	0.610828906
0.4	0.610828906
0.4	0.610828906
0.4	0.610828906
0.4	0.610828906
0.4	0.610828906
0.4	0.610828906
0.4	0.610828906
0.4	0.610828906
0.4	0.610828906
0.4	0.610828906
0.4	0.610828906
0.4	0.610828906
0.4	0.610828906
0.4	0.610828906
0.4	0.610828906
0.4	0.610828906
0.4	0.610828906
0.4	0.610828906
0.4	0.610828906
0.4	0.610828906
0.4	0.610828906
0.4	0.610828906
0.4	0.610828906
0.4	0.610828906
0.4	0.610828906
0.4	0.610828906
0.4	0.610828906
0.4	0.610828906
0.4	0.610828906
0.4	0.610828906
0.4	0.610828906
0.4	0.610828906
0.4	0.610828906
0.4	0.610828906
0.4	0.610828906
0.4	0.610828906
0.4	0.610828906
0.4	0.610828906
0.4	0.610828906
0.4	0.610828906
0.4	0.610828906
0.4	0.610828906
0.4	0.610828906
0.4	0.610828906
0.4	0.610828906
0.4	0.610828906
0.4	0.610828906
0.4	0.610828906
0.4	0.610828906
0.4	0.610828906
0.4	0.610828906
0.4	0.610828906
0.4	0.610828906
0.4	0.610828906
0.4	0.610828906
0.4	0.610828906
0.4	0.610828906
0.4	0.610828906
0.4	0.610828906
0.4	0.610828906
0.4	0.610828906
0.4	0.610828906
0.4	0.610828906
0.4	0.610828906
0.4	0.610828906
0.4	0.610828906
0.4	0.610828906
0.4	0.610828906
0.4	0.610828906
0.4	0.610828906
0.4	0.785046288
0.4	0.785046288
0.4	0.785046288
0.4	0.785046288
0.4	0.785046288
0.4	0.785046288
0.4	0.785046288
0.4	0.785046288
0.5	0.785046288
0.5	0.785046288
0.5	0.785046288
0.5	0.785046288
0.5	0.785046288
0.5	0.785046288
0.5	0.785046288
0.5	0.785046288
0.5	0.785046288
0.5	0.785046288
0.5	0.785046288
0.5	0.785046288
0.5	0.785046288
0.5	0.785046288
0.5	0.785046288
0.5	0.785046288
0.5	0.785046288
0.5	0.785046288
0.5	0.785046288
0.5	0.785046288
0.5	0.785046288
0.5	0.785046288
0.5	0.785046288
0.5	0.785046288
0.5	0.785046288
0.5	0.785046288
0.5	0.785046288
0.5	0.785046288
0.5	0.785046288
0.5	0.785046288
0.5	0.785046288
0.5	0.785046288
0.5	0.785046288
0.5	0.785046288
0.5	0.785046288
0.5	0.785046288
0.5	0.785046288
0.5	0.785046288
0.5	0.785046288
0.5	0.785046288
0.5	0.785046288
0.5	0.785046288
0.5	0.785046288
0.5	0.785046288
0.5	0.785046288
0.5	0.785046288
0.5	0.785046288
0.5	0.785046288
0.5	0.785046288
0.5	0.785046288
0.5	0.785046288
0.5	0.785046288
0.5	0.785046288
0.5	0.785046288
0.5	0.785046288
0.5	0.785046288
0.5	0.785046288
0.5	0.785046288
0.5	0.785046288
0.5	0.785046288
0.5	0.785046288
0.5	0.785046288
0.5	0.785046288
0.5	0.785046288
0.5	0.785046288
0.5	0.785046288
0.5	0.785046288
0.5	0.785046288
0.5	0.785046288
0.5	0.785046288
0.5	0.785046288
0.5	0.785046288
0.5	0.785046288
0.5	0.785046288
0.5	0.785046288
0.5	0.785046288
0.5	0.785046288
0.5	0.807177447
0.5	0.807177447
0.5	0.807177447
0.5	0.807177447
0.5	0.807177447
0.5	0.807177447
0.5	0.807177447
0.5	0.807177447
0.5	0.807177447
0.5	0.807177447
0.5	0.807177447
0.5	0.807177447
0.5	0.807177447
0.5	0.807177447
0.5	0.807177447
0.5	0.807177447
0.5	0.807177447
0.5	0.807177447
0.5	0.807177447
0.5	0.807177447
0.5	0.807177447
0.5	0.807177447
0.5	0.807177447
0.5	0.807177447
0.5	0.807177447
0.5	0.807177447
0.5	0.807177447
0.5	0.807177447
0.5	0.807177447
0.5	0.807177447
0.5	0.807177447
0.5	0.807177447
0.5	0.807177447
0.5	0.807177447
0.5	0.807177447
0.5	0.807177447
0.5	0.807177447
0.5	0.807177447
0.5	0.807177447
0.5	0.807177447
0.5	0.807177447
0.5	0.807177447
0.5	0.807177447
0.5	0.807177447
0.5	0.807177447
0.5	0.807177447
0.5	0.807177447
0.5	0.807177447
0.5	0.807177447
0.5	0.807177447
0.5	0.807177447
0.5	0.807177447
0.5	0.807177447
0.5	0.807177447
0.5	0.807177447
0.5	0.807177447
0.5	0.807177447
0.5	0.807177447
0.5	0.807177447
0.5	0.807177447
0.5	0.807177447
0.5	0.807177447
0.5	0.807177447
0.5	0.807177447
0.5	0.807177447
0.5	0.807177447
0.5	0.807177447
0.5	0.807177447
0.5	0.807177447
0.5	0.807177447
0.5	0.807177447
0.5	0.807177447
0.5	0.807177447
0.5	0.807177447
0.5	0.807177447
0.5	0.807177447
0.5	0.807177447
0.5	0.807177447
0.5	0.807177447
0.5	0.807177447
0.5	0.807177447
0.5	0.807177447
0.5	0.807177447
0.5	0.807177447


s2
0.1	0.285143309
0.1	0.285143309
0.1	0.285143309
0.1	0.285143309
0.1	0.285143309
0.1	0.285143309
0.1	0.285143309
0.1	0.285143309
0.1	0.285143309
0.1	0.285143309
0.1	0.285143309
0.1	0.285143309
0.1	0.285143309
0.1	0.285143309
0.1	0.285143309
0.1	0.285143309
0.1	0.285143309
0.1	0.285143309
0.1	0.285143309
0.1	0.285143309
0.1	0.285143309
0.1	0.285143309
0.1	0.285143309
0.1	0.285143309
0.1	0.285143309
0.1	0.285143309
0.1	0.285143309
0.1	0.285143309
0.1	0.285143309
0.1	0.285143309
0.1	0.285143309
0.1	0.285143309
0.1	0.285143309
0.1	0.285143309
0.1	0.285143309
0.1	0.285143309
0.1	0.285143309
0.1	0.285143309
0.1	0.285143309
0.2	0.285143309
0.2	0.285143309
0.2	0.331890321
0.2	0.331890321
0.2	0.331890321
0.2	0.331890321
0.2	0.331890321
0.2	0.331890321
0.2	0.331890321
0.2	0.331890321
0.2	0.331890321
0.2	0.331890321
0.2	0.331890321
0.2	0.331890321
0.2	0.331890321
0.2	0.331890321
0.2	0.331890321
0.2	0.331890321
0.2	0.331890321
0.2	0.331890321
0.2	0.331890321
0.2	0.331890321
0.2	0.331890321
0.2	0.331890321
0.2	0.331890321
0.2	0.331890321
0.2	0.331890321
0.2	0.331890321
0.2	0.331890321
0.2	0.331890321
0.2	0.331890321
0.2	0.331890321
0.2	0.331890321
0.2	0.331890321
0.2	0.331890321
0.2	0.331890321
0.2	0.331890321
0.2	0.331890321
0.2	0.331890321
0.2	0.331890321
0.2	0.331890321
0.2	0.331890321
0.2	0.331890321
0.2	0.331890321
0.2	0.331890321
0.2	0.331890321
0.2	0.331890321
0.2	0.331890321
0.2	0.331890321
0.2	0.331890321
0.2	0.331890321
0.2	0.331890321
0.2	0.331890321
0.2	0.331890321
0.2	0.331890321
0.2	0.331890321
0.2	0.331890321
0.2	0.331890321
0.2	0.331890321
0.2	0.331890321
0.2	0.331890321
0.2	0.331890321
0.2	0.331890321
0.2	0.331890321
0.2	0.331890321
0.2	0.331890321
0.2	0.331890321
0.2	0.331890321
0.2	0.331890321
0.2	0.331890321
0.2	0.331890321
0.2	0.331890321
0.2	0.331890321
0.2	0.331890321
0.2	0.331890321
0.2	0.331890321
0.2	0.331890321
0.2	0.331890321
0.2	0.331890321
0.2	0.331890321
0.2	0.331890321
0.2	0.331890321
0.2	0.331890321
0.2	0.331890321
0.2	0.331890321
0.2	0.331890321
0.2	0.331890321
0.2	0.331890321
0.2	0.331890321
0.2	0.331890321
0.2	0.331890321
0.2	0.331890321
0.2	0.331890321
0.2	0.331890321
0.2	0.331890321
0.2	0.331890321
0.2	0.331890321
0.2	0.331890321
0.2	0.331890321
0.2	0.331890321
0.2	0.331890321
0.2	0.331890321
0.2	0.331890321
0.2	0.331890321
0.2	0.331890321
0.2	0.331890321
0.2	0.331890321
0.2	0.331890321
0.2	0.331890321
0.2	0.331890321
0.2	0.331890321
0.2	0.331890321
0.2	0.331890321
0.2	0.331890321
0.2	0.331890321
0.2	0.331890321
0.2	0.331890321
0.2	0.331890321
0.2	0.331890321
0.2	0.331890321
0.2	0.331890321
0.2	0.331890321
0.2	0.331890321
0.2	0.331890321
0.2	0.331890321
0.2	0.331890321
0.2	0.331890321
0.2	0.331890321
0.2	0.331890321
0.2	0.331890321
0.2	0.331890321
0.2	0.331890321
0.2	0.331890321
0.2	0.331890321
0.2	0.331890321
0.3	0.331890321
0.3	0.331890321
0.3	0.331890321
0.3	0.331890321
0.3	0.331890321
0.3	0.331890321
0.3	0.331890321
0.3	0.418903211
0.3	0.418903211
0.3	0.418903211
0.3	0.418903211
0.3	0.418903211
0.3	0.418903211
0.3	0.418903211
0.3	0.418903211
0.3	0.418903211
0.3	0.418903211
0.3	0.418903211
0.3	0.418903211
0.3	0.418903211
0.3	0.418903211
0.3	0.418903211
0.3	0.418903211
0.3	0.418903211
0.3	0.418903211
0.3	0.418903211
0.3	0.418903211
0.3	0.418903211
0.3	0.418903211
0.3	0.418903211
0.3	0.418903211
0.3	0.418903211
0.3	0.418903211
0.3	0.418903211
0.3	0.418903211
0.3	0.418903211
0.3	0.418903211
0.3	0.418903211
0.3	0.418903211
0.3	0.418903211
0.3	0.418903211
0.3	0.418903211
0.3	0.418903211
0.3	0.418903211
0.3	0.418903211
0.3	0.418903211
0.3	0.418903211
0.3	0.418903211
0.3	0.418903211
0.3	0.418903211
0.3	0.418903211
0.3	0.418903211
0.3	0.418903211
0.3	0.418903211
0.3	0.418903211
0.3	0.418903211
0.3	0.418903211
0.3	0.418903211
0.3	0.418903211
0.3	0.418903211
0.3	0.418903211
0.3	0.418903211
0.3	0.418903211
0.3	0.418903211
0.3	0.418903211
0.3	0.418903211
0.3	0.418903211
0.3	0.418903211
0.3	0.418903211
0.3	0.418903211
0.3	0.418903211
0.3	0.418903211
0.3	0.418903211
0.3	0.418903211
0.3	0.418903211
0.3	0.418903211
0.3	0.418903211
0.3	0.418903211
0.3	0.418903211
0.3	0.418903211
0.3	0.418903211
0.3	0.418903211
0.3	0.418903211
0.3	0.418903211
0.3	0.418903211
0.3	0.418903211
0.3	0.418903211
0.3	0.418903211
0.3	0.418903211
0.3	0.418903211
0.3	0.418903211
0.3	0.418903211
0.3	0.418903211
0.3	0.418903211
0.3	0.418903211
0.3	0.418903211
0.3	0.418903211
0.3	0.418903211
0.3	0.418903211
0.3	0.418903211
0.3	0.418903211
0.3	0.418903211
0.3	0.418903211
0.3	0.418903211
0.3	0.418903211
0.3	0.418903211
0.3	0.418903211
0.3	0.418903211
0.3	0.418903211
0.3	0.418903211
0.3	0.418903211
0.3	0.418903211
0.3	0.418903211
0.3	0.418903211
0.3	0.418903211
0.3	0.418903211
0.3	0.418903211
0.3	0.418903211
0.3	0.418903211
0.3	0.418903211
0.3	0.418903211
0.3	0.418903211
0.3	0.418903211
0.3	0.418903211
0.3	0.418903211
0.3	0.418903211
0.3	0.418903211
0.3	0.418903211
0.3	0.418903211
0.3	0.418903211
0.3	0.418903211
0.3	0.418903211
0.3	0.418903211
0.3	0.418903211
0.3	0.418903211
0.3	0.418903211
0.3	0.418903211
0.3	0.418903211
0.3	0.418903211
0.3	0.418903211
0.3	0.418903211
0.3	0.418903211
0.3	0.418903211
0.3	0.418903211
0.3	0.418903211
0.3	0.418903211
0.3	0.418903211
0.3	0.418903211
0.3	0.418903211
0.3	0.418903211
0.3	0.418903211
0.3	0.418903211
0.3	0.418903211
0.3	0.418903211
0.3	0.418903211
0.3	0.418903211
0.3	0.418903211
0.3	0.418903211
0.3	0.418903211
0.3	0.418903211
0.3	0.418903211
0.3	0.418903211
0.3	0.418903211
0.3	0.418903211
0.3	0.418903211
0.3	0.418903211
0.3	0.418903211
0.3	0.418903211
0.3	0.418903211
0.3	0.418903211
0.3	0.418903211
0.3	0.418903211
0.3	0.418903211
0.3	0.418903211
0.3	0.418903211
0.3	0.418903211
0.3	0.418903211
0.3	0.418903211
0.3	0.418903211
0.3	0.418903211
0.3	0.418903211
0.3	0.418903211
0.3	0.418903211
0.3	0.418903211
0.3	0.418903211
0.3	0.418903211
0.3	0.418903211
0.3	0.418903211
0.3	0.418903211
0.3	0.418903211
0.3	0.418903211
0.3	0.418903211
0.3	0.418903211
0.3	0.418903211
0.3	0.418903211
0.3	0.418903211
0.3	0.418903211
0.3	0.418903211
0.3	0.418903211
0.3	0.418903211
0.3	0.418903211
0.3	0.418903211
0.3	0.418903211
0.3	0.418903211
0.3	0.418903211
0.3	0.418903211
0.3	0.418903211
0.3	0.418903211
0.3	0.418903211
0.3	0.418903211
0.3	0.418903211
0.3	0.418903211
0.3	0.418903211
0.3	0.418903211
0.3	0.418903211
0.3	0.418903211
0.3	0.418903211
0.3	0.418903211
0.3	0.418903211
0.3	0.418903211
0.3	0.418903211
0.3	0.418903211
0.3	0.418903211
0.3	0.418903211
0.3	0.418903211
0.3	0.418903211


